198 598 200 540 
1191 880 1210 867 
1350 233 1354 206 
155 172 93 242 
454 336 398 370 
709 409 695 394 
1342 487 1317 504 
1480 454 1436 515 
1300 668 1366 619 
254 814 280 840 
481 22 478 15 
1415 965 1413 983 
451 330 493 304 
291 725 307 703 
55 990 38 957 
1215 24 1264 80 
1047 202 992 154 
829 427 797 470 
797 470 782 486 
1407 998 1448 928 
1263 74 1196 0 
995 18 1013 40 
143 39 171 17 
297 37 239 91 
1473 89 1488 77 
229 102 265 71 
238 91 208 114 
612 107 597 90 
902 74 955 134 
390 112 348 146 
1305 143 1284 129 
197 140 187 150 
347 150 393 113 
348 147 317 172 
1446 162 1461 175 
1099 177 1109 163 
315 178 322 172 
874 216 837 181 
1020 182 1055 214 
129 204 138 196 
191 202 181 185 
716 205 700 189 
839 187 888 231 
119 220 96 257 
323 232 315 225 
1054 213 1075 235 
90 248 121 216 
888 233 945 276 
1024 280 1038 266 
206 317 223 301 
350 308 338 319 
391 330 377 316 
658 361 625 324 
337 321 315 342 
73 344 94 363 
659 364 667 373 
695 394 659 360 
328 425 340 414 
850 432 873 416 
146 469 127 492 
274 504 288 490 
54 504 43 491 
1397 506 1387 496 
1000 552 1024 536 
1100 548 1143 507 
1097 546 1037 604 
1220 580 1271 535 
1188 612 1216 582 
617 582 590 615 
1190 627 1212 607 
1261 608 1275 621 
1173 608 1154 628 
421 656 406 670 
1289 674 1279 684 
1453 663 1415 695 
1252 692 1266 675 
482 680 516 718 
1214 727 1244 701 
1406 732 1426 716 
626 742 642 726 
541 736 606 784 
1126 741 1113 755 
664 774 654 762 
830 781 845 770 
1058 813 1096 777 
194 787 183 800 
56 784 36 807 
1095 775 1055 812 
635 814 679 868 
172 866 151 846 
289 844 300 855 
694 879 680 865 
554 890 534 867 
641 875 622 896 
0 878 42 926 
1465 888 1452 899 
785 908 792 901 
1300 887 1274 914 
377 913 368 900 
1437 916 1473 885 
1391 916 1406 933 
75 958 11 887 
276 980 243 946 
885 956 901 973 
354 997 319 965 
297 997 285 982 
140 257 226 229 
503 362 484 366 
1139 728 1149 710 
1199 191 1206 215 
709 519 721 550 
456 400 463 386 
1348 275 1351 240 
533 728 491 688 
1456 879 1461 872 
1380 37 1417 92 
100 83 122 61 
447 138 434 122 
1170 156 1185 169 
805 162 839 186 
93 243 58 266 
946 273 900 239 
1086 266 1104 284 
1106 281 1088 264 
49 391 30 421 
880 412 843 453 
1329 422 1307 453 
8 442 33 423 
1235 440 1214 457 
797 473 814 453 
405 489 381 505 
378 534 350 574 
816 569 871 610 
587 622 601 606 
1497 631 1454 664 
1426 688 1498 633 
1383 683 1364 665 
863 719 852 705 
78 729 70 711 
885 737 864 720 
573 746 555 731 
608 782 542 733 
784 778 764 765 
702 780 722 762 
1235 798 1222 779 
1340 813 1327 836 
796 848 845 884 
207 906 180 872 
692 881 725 906 
228 930 260 969 
47 929 79 969 
1224 996 1264 951 
1296 276 1303 255 
1412 569 1455 499 
1 617 20 591 
1497 821 1472 852 
88 399 103 387 
469 660 482 679 
239 791 220 762 
797 888 784 907 
1370 761 1346 785 
42 489 37 468 
226 737 223 725 
265 70 295 42 
1497 255 1484 278 
1026 623 1055 589 
1369 765 1377 755 
636 811 632 807 
1471 857 1477 851 
1218 158 1232 139 
1320 171 1327 187 
708 202 730 216 
601 399 665 439 
463 530 479 540 
486 807 499 785 
516 901 547 946 
679 37 708 53 
1302 43 1295 54 
79 90 0 131 
184 131 228 104 
94 118 103 131 
1199 183 1169 135 
837 182 806 159 
525 168 478 194 
55 270 89 250 
212 283 237 245 
187 323 211 285 
336 356 357 326 
1380 362 1356 395 
702 329 735 388 
812 417 847 361 
1245 380 1221 417 
467 436 456 417 
659 432 649 425 
1221 417 1183 478 
976 455 994 442 
303 461 286 489 
404 495 426 464 
460 476 457 426 
1390 502 1404 523 
788 556 815 570 
1372 650 1419 574 
551 647 575 632 
1258 716 1260 713 
551 732 537 722 
279 733 290 725 
1339 791 1298 815 
1348 814 1373 772 
1236 820 1221 846 
1212 864 1251 840 
959 881 1035 837 
1267 829 1218 856 
477 854 519 883 
1358 858 1318 880 
188 884 209 915 
1097 937 1169 893 
307 949 282 908 
430 969 454 986 
1040 55 1009 32 
138 40 89 76 
952 127 903 71 
626 117 613 108 
952 273 939 257 
1369 288 1384 306 
991 325 962 285 
974 305 1005 354 
190 314 173 334 
351 330 346 337 
643 347 657 364 
393 372 346 404 
33 422 51 394 
64 417 43 443 
1454 494 1457 490 
1143 506 1146 501 
1411 557 1444 506 
1444 514 1440 517 
954 676 932 649 
1470 708 1491 719 
763 764 747 741 
1466 814 1492 794 
484 805 465 817 
794 842 750 809 
829 870 799 846 
1497 860 1485 872 
1472 888 1455 909 
278 907 299 943 
369 907 405 949 
421 913 451 951 
243 945 211 902 
468 964 432 924 
299 944 336 986 
204 982 168 949 
93 987 77 962 
1328 182 1317 160 
383 382 398 373 
1098 385 1061 449 
489 640 476 625 
934 647 884 618 
555 730 547 714 
109 802 93 778 
1040 892 1054 906 
104 997 96 984 
87 553 62 583 
1271 662 1245 697 
250 843 229 788 
1052 945 1041 956 
1008 31 991 6 
1371 35 1349 0 
1083 81 1103 92 
1104 92 1133 112 
774 100 799 115 
802 113 779 100 
34 117 43 112 
1 133 34 117 
703 146 695 160 
1392 157 1404 152 
1 191 29 142 
430 229 512 177 
895 235 875 216 
937 253 930 242 
230 250 189 315 
1406 338 1430 297 
1436 295 1428 309 
1422 327 1446 281 
35 297 0 321 
1427 311 1418 329 
1154 304 1137 338 
966 329 959 343 
961 344 969 330 
1013 366 991 325 
1432 342 1412 358 
417 361 432 352 
554 370 528 352 
1004 355 1011 369 
224 371 215 367 
402 370 412 365 
737 389 752 425 
633 415 595 392 
41 453 58 426 
1474 470 1485 448 
158 447 146 468 
269 505 248 517 
466 529 453 511 
745 533 771 516 
1437 524 1406 575 
656 525 616 581 
830 575 790 554 
280 560 257 594 
1301 525 1264 606 
813 628 784 586 
1428 555 1377 637 
1166 621 1155 648 
352 670 367 678 
407 670 389 678 
946 743 982 715 
1246 714 1228 751 
878 736 888 742 
1208 728 1149 759 
1161 756 1207 731 
404 785 387 755 
1037 834 1124 776 
747 809 734 800 
1287 823 1338 795 
1264 811 1283 818 
1469 808 1444 821 
1446 823 1470 810 
1480 838 1498 800 
1223 848 1238 821 
1252 840 1286 823 
1488 816 1465 860 
1469 856 1479 838 
1444 821 1359 858 
353 863 373 848 
1324 880 1353 864 
1026 885 1039 892 
1365 903 1390 915 
1399 918 1373 902 
1439 84 1466 15 
761 45 756 69 
1225 105 1212 161 
720 136 706 143 
446 142 464 152 
1316 159 1299 122 
634 179 707 208 
1311 233 1319 212 
224 227 196 236 
94 269 101 254 
558 266 590 253 
967 300 970 318 
1109 294 1116 325 
1419 309 1399 348 
634 341 667 392 
468 337 450 371 
51 393 71 328 
232 396 261 380 
749 408 721 356 
92 392 73 407 
1336 418 1360 395 
668 416 674 419 
631 501 697 478 
1183 478 1168 517 
52 506 64 512 
323 503 338 511 
615 505 553 532 
1270 534 1277 528 
51 515 73 567 
294 525 280 559 
229 639 282 561 
1380 606 1349 660 
552 673 560 657 
1207 730 1214 725 
739 814 674 788 
635 820 643 841 
589 910 648 929 
640 919 606 907 
383 948 370 920 
895 950 883 947 
280 978 277 967 
1497 978 1448 998 
1279 684 1261 706 
1301 896 1307 892 
248 997 207 907 
1061 450 1047 490 
1399 150 1376 166 
1241 260 1219 211 
562 261 518 283 
1272 572 1294 521 
432 638 422 655 
978 715 949 737 
895 742 885 737 
1286 820 1268 829 
735 907 719 898 
345 11 366 5 
313 51 322 73 
1372 44 1389 72 
370 149 349 154 
1275 318 1279 309 
857 360 853 379 
185 368 195 339 
172 455 168 477 
800 540 813 540 
1150 711 1138 743 
1089 796 1064 813 
238 816 253 862 
1048 73 1018 59 
238 120 205 134 
697 162 707 145 
1311 155 1315 163 
1445 279 1436 294 
607 295 615 313 
1141 336 1158 302 
167 423 159 444 
436 459 449 415 
1156 660 1186 614 
838 687 849 704 
1204 771 1217 779 
677 792 694 799 
1385 41 1364 6 
1358 2 1379 37 
97 74 139 42 
1393 85 1387 62 
1045 61 1083 81 
342 159 366 152 
181 195 184 204 
493 303 511 291 
1285 296 1275 309 
719 356 703 321 
191 342 167 424 
262 380 285 369 
913 386 854 426 
1064 450 1084 414 
759 474 736 440 
853 519 905 488 
244 522 274 505 
1427 526 1407 560 
1425 566 1438 546 
885 617 831 576 
1397 577 1378 604 
244 611 222 646 
1353 659 1366 635 
400 677 421 661 
650 706 630 735 
241 733 225 723 
629 735 615 744 
1221 777 1246 733 
382 752 401 784 
87 772 104 800 
737 805 780 834 
267 922 256 864 
1054 820 981 866 
861 888 830 871 
1458 871 1435 908 
1168 890 1102 931 
790 922 744 922 
582 999 539 930 
547 948 579 998 
1458 251 1419 309 
0 269 8 273 
1374 447 1377 436 
343 86 324 71 
1379 168 1392 158 
516 284 471 315 
1160 295 1154 305 
956 347 941 363 
199 351 210 367 
929 378 958 349 
209 367 230 376 
940 364 915 385 
1360 394 1379 370 
847 454 880 415 
464 436 484 451 
842 433 816 454 
1312 511 1302 523 
1277 527 1291 505 
1270 532 1195 598 
1359 621 1340 635 
1339 635 1307 659 
1280 685 1301 667 
1305 661 1289 674 
1244 698 1211 725 
104 800 128 817 
229 782 253 814 
680 864 636 811 
758 827 788 852 
788 853 794 862 
518 879 470 845 
503 884 475 854 
1051 896 1022 880 
1444 928 1481 882 
142 917 168 954 
1455 910 1418 959 
504 979 518 963 
487 989 504 979 
1109 93 1098 86 
1209 163 1207 175 
653 233 636 236 
1214 278 1189 282 
964 0 978 17 
610 36 593 54 
961 284 955 277 
174 337 186 323 
173 334 150 353 
515 342 541 367 
703 407 723 430 
995 436 982 448 
814 451 828 436 
719 415 748 463 
361 562 393 520 
1288 529 1270 569 
1165 553 1162 551 
1195 600 1184 613 
489 683 482 675 
1271 679 1285 626 
1002 675 989 693 
1132 696 1116 679 
1376 775 1402 736 
1338 794 1362 774 
1492 793 1498 785 
1492 790 1470 808 
935 893 957 879 
424 963 379 916 
767 998 695 950 
447 979 431 965 
769 39 778 32 
1014 40 1043 60 
140 191 184 149 
123 213 129 205 
512 222 532 239 
1076 237 1085 248 
386 269 352 304 
604 306 622 323 
1412 359 1391 403 
426 457 411 481 
108 508 136 486 
648 538 670 513 
766 517 746 530 
1457 526 1438 542 
602 606 648 539 
1438 542 1428 555 
508 555 491 569 
21 582 1 613 
357 672 341 651 
380 741 369 716 
1477 850 1498 825 
375 842 354 860 
141 840 187 883 
718 898 697 881 
519 915 503 885 
1278 934 1311 912 
885 954 883 951 
696 957 701 964 
1117 54 1126 84 
310 179 295 189 
1 324 37 299 
1418 330 1398 374 
341 411 381 383 
1389 611 1399 591 
546 701 551 674 
1414 945 1436 912 
451 952 488 983 
330 17 319 27 
500 37 485 28 
1319 31 1302 42 
972 143 955 130 
226 119 183 141 
1439 154 1438 155 
1375 154 1362 181 
362 297 377 282 
208 298 200 307 
326 383 336 357 
1378 436 1400 389 
329 421 317 435 
456 424 464 436 
671 513 683 502 
1149 495 1121 526 
1033 517 1021 535 
1438 546 1452 533 
1159 551 1175 567 
39 564 47 539 
1378 604 1361 619 
1154 649 1150 660 
807 653 837 686 
62 676 56 670 
1244 700 1252 693 
408 795 431 817 
1481 882 1498 869 
716 976 702 961 
478 33 483 36 
1419 91 1391 47 
109 68 94 89 
334 83 357 94 
1162 126 1136 82 
964 121 982 147 
1107 160 1091 184 
1461 176 1466 186 
1191 238 1163 290 
278 275 241 287 
1187 285 1207 281 
893 403 928 378 
826 437 843 404 
1188 474 1217 428 
137 486 157 456 
910 482 846 519 
492 571 518 552 
1215 603 1199 615 
421 660 432 644 
642 725 649 712 
557 737 572 747 
744 742 764 770 
1098 768 1121 751 
765 769 782 780 
720 809 757 827 
971 830 963 814 
542 881 563 899 
1272 916 1265 901 
1102 931 1067 948 
168 949 144 915 
1041 955 1024 963 
1298 54 1312 38 
1471 87 1449 130 
1016 297 1023 281 
857 367 877 317 
849 361 870 326 
1262 358 1258 383 
320 398 304 459 
1150 630 1106 649 
1372 641 1368 648 
1372 675 1387 695 
942 799 958 811 
1055 951 1063 926 
1135 110 1110 93 
1233 138 1252 129 
1124 149 1107 161 
474 199 424 228 
920 231 945 270 
1173 278 1193 240 
852 351 816 405 
181 506 176 497 
75 565 53 513 
1368 633 1371 627 
505 648 490 640 
54 672 68 683 
1423 714 1402 732 
537 725 551 735 
48 798 60 782 
1312 862 1305 873 
1441 903 1455 881 
502 889 512 907 
219 940 246 998 
701 958 763 999 
271 207 300 189 
184 204 191 236 
1003 216 1008 278 
708 217 633 231 
608 274 610 264 
508 304 518 286 
518 365 546 371 
1149 501 1132 540 
181 588 196 549 
197 539 177 591 
835 679 810 652 
52 675 65 720 
992 701 983 707 
956 720 948 734 
245 793 227 737 
836 775 819 782 
229 753 243 794 
1361 776 1340 813 
793 920 800 889 
100 985 87 954 
269 951 276 972 
712 975 721 997 
93 90 92 110 
310 182 304 206 
510 181 504 204 
505 205 512 222 
372 296 372 311 
1398 379 1414 345 
1212 467 1224 451 
427 463 448 392 
599 522 575 528 
1175 564 1195 512 
44 540 32 574 
221 646 210 681 
549 671 544 695 
1262 694 1252 717 
220 728 222 741 
639 777 613 765 
512 907 519 928 
241 966 236 946 
974 9 968 0 
1346 1 1371 42 
987 1 995 17 
171 13 138 39 
711 51 680 34 
760 56 768 40 
132 51 110 69 
1097 86 1040 55 
65 90 97 74 
591 82 598 96 
435 104 443 89 
43 112 81 92 
1441 155 1458 120 
708 145 720 139 
982 147 1007 172 
1183 163 1172 154 
582 163 620 174 
700 188 696 175 
714 208 625 173 
295 190 278 200 
186 201 206 214 
1215 204 1233 251 
238 246 245 238 
403 262 412 257 
1036 267 1054 260 
946 270 971 302 
622 319 608 292 
466 319 429 335 
440 347 450 342 
1423 352 1438 344 
1405 376 1422 351 
816 405 791 457 
1223 419 1251 375 
736 439 720 410 
1323 434 1332 423 
1486 448 1498 424 
790 469 812 418 
1306 461 1321 436 
981 449 954 460 
298 475 309 453 
802 500 838 487 
116 499 102 507 
383 507 395 500 
456 522 462 529 
534 542 509 555 
344 593 351 578 
1262 604 1272 573 
1012 597 1018 609 
1382 602 1388 596 
1010 645 1027 617 
1194 620 1182 634 
577 628 550 644 
151 632 131 663 
217 663 226 643 
480 672 473 661 
846 696 822 648 
936 657 955 685 
1032 680 1042 676 
477 687 487 708 
1005 695 1031 681 
1392 733 1417 698 
495 720 469 662 
858 718 870 729 
604 751 625 742 
921 757 947 742 
903 761 865 774 
1148 759 1131 768 
1124 775 1160 756 
1209 770 1191 763 
202 772 194 787 
734 800 716 793 
31 812 48 799 
128 813 110 802 
169 814 192 795 
465 819 481 811 
319 863 300 852 
11 884 0 865 
778 911 785 908 
1312 912 1324 907 
1315 907 1294 919 
1293 919 1277 933 
368 921 381 948 
669 937 648 926 
666 937 691 954 
1445 929 1417 977 
1065 948 1055 953 
1045 959 1086 942 
465 987 448 979 
47 980 53 992 
1249 964 1220 997 
372 998 381 984 
0 18 8 13 
550 89 578 102 
1349 218 1345 228 
60 783 67 759 
87 964 101 990 
1313 38 1324 32 
316 39 327 21 
592 65 598 52 
104 127 96 115 
434 127 446 141 
185 160 194 146 
520 226 511 214 
320 234 336 243 
598 248 563 260 
357 326 368 313 
345 337 333 358 
297 359 320 342 
27 425 2 441 
1225 450 1248 439 
157 455 175 405 
931 469 909 481 
396 499 403 493 
1321 503 1344 490 
1406 521 1396 506 
529 547 581 528 
786 593 815 638 
1364 666 1353 661 
1355 664 1371 674 
852 709 859 718 
224 722 215 703 
1240 733 1254 702 
289 722 274 732 
870 728 878 736 
223 725 241 737 
1377 750 1371 759 
717 764 704 775 
656 771 674 783 
220 774 233 804 
643 831 637 819 
1352 864 1445 823 
1214 855 1204 864 
1464 859 1459 868 
1220 974 1249 963 
1312 226 1275 298 
613 768 645 782 
1464 174 1442 155 
871 319 853 350 
1434 519 1426 525 
1134 542 1152 499 
305 698 297 713 
213 913 217 923 
1413 983 1406 996 
839 28 871 46 
276 201 260 208 
215 213 195 205 
510 214 507 201 
96 258 82 294 
373 310 377 287 
922 646 935 657 
488 710 500 753 
1130 731 1126 740 
80 764 84 775 
1220 780 1233 799 
428 811 413 796 
542 891 519 879 
1170 893 1183 887 
874 44 839 25 
219 283 210 296 
1165 291 1170 283 
1290 291 1303 281 
453 370 470 339 
561 531 631 501 
1132 542 1110 545 
1266 608 1290 556 
559 653 550 671 
1121 686 1132 704 
1383 751 1392 734 
937 746 918 755 
1230 786 1255 738 
220 760 216 756 
1128 769 1086 793 
715 795 737 805 
299 852 284 831 
470 853 502 887 
850 886 878 896 
615 903 637 885 
471 70 454 77 
1281 110 1284 116 
306 216 319 234 
514 288 523 284 
202 328 207 317 
214 367 202 351 
1215 458 1204 477 
1203 488 1212 468 
582 529 600 524 
1287 818 1272 810 
624 245 606 262 
509 330 516 341 
130 371 138 365 
1497 514 1493 523 
1374 621 1384 603 
871 611 911 638 
578 629 559 653 
1403 731 1380 763 
195 791 210 758 
209 916 214 928 
1422 105 1426 115 
1375 163 1382 151 
1369 448 1366 457 
480 636 504 652 
1380 765 1373 777 
1309 891 1324 880 
1292 94 1294 69 
103 130 128 140 
607 392 555 370 
340 409 328 421 
1273 922 1284 906 
15 7 0 15 
780 32 792 26 
185 143 238 115 
1235 251 1256 301 
795 290 804 271 
188 516 208 524 
1399 584 1373 640 
1058 669 1147 635 
991 696 1004 677 
860 778 905 763 
592 55 589 78 
453 77 446 82 
307 199 314 183 
509 195 513 184 
196 316 215 294 
496 452 479 444 
1404 573 1412 558 
49 545 62 586 
1165 639 1173 619 
1145 679 1155 659 
1072 660 1020 683 
958 812 969 831 
722 990 715 976 
880 17 837 1 
88 77 56 91 
1110 162 1127 151 
1366 189 1378 168 
621 251 631 246 
1283 288 1296 261 
509 294 505 312 
212 307 220 291 
74 319 85 294 
149 353 134 360 
100 361 87 354 
1367 460 1373 447 
195 517 181 506 
350 575 342 589 
1008 642 987 654 
1143 701 1134 715 
1427 715 1437 711 
853 750 841 770 
769 831 740 815 
783 906 775 910 
1124 59 1141 98 
1348 277 1368 287 
1094 403 1103 382 
1381 416 1374 431 
1307 453 1297 480 
1204 477 1174 560 
169 485 176 503 
167 616 181 589 
62 701 53 671 
1154 696 1143 716 
1253 889 1229 878 
1086 942 1096 937 
432 967 417 939 
1456 998 1498 981 
963 88 970 73 
1271 83 1276 96 
117 161 108 164 
581 386 595 395 
1364 488 1343 488 
306 465 294 524 
282 561 297 525 
1148 634 1169 618 
1390 699 1383 684 
468 688 468 695 
1145 731 1153 711 
695 781 701 779 
93 798 84 768 
360 764 377 828 
625 805 635 819 
145 914 138 901 
432 923 424 910 
809 923 872 911 
1406 934 1412 943 
879 945 830 933 
276 966 265 923 
903 975 905 995 
279 31 327 18 
1386 62 1370 37 
94 114 96 90 
1142 99 1168 138 
1168 135 1163 126 
461 147 449 140 
694 180 703 196 
315 225 309 215 
1045 259 1021 277 
87 288 94 269 
175 420 181 438 
171 465 186 434 
1387 497 1376 491 
337 508 319 495 
1020 535 1002 547 
352 577 361 562 
1405 581 1412 569 
1184 613 1165 641 
1018 627 1008 641 
815 639 831 672 
132 666 151 639 
130 664 114 677 